  1 2018-03-08 18:25:56.371506    10.10.1.1 -> 10.10.2.1    ICMP Echo (ping) request  id=0x56d2, seq=1/256, ttl=63 90:e2:ba:7e:5c:25 -> 90:e2:ba:29:f6:40
  2 2018-03-08 18:25:56.371539    10.10.1.1 -> 10.10.2.1    ICMP Echo (ping) request  id=0x56d2, seq=2/512, ttl=63 90:e2:ba:7e:5c:25 -> 90:e2:ba:29:f6:40
  3 2018-03-08 18:25:56.371545    10.10.1.1 -> 10.10.2.1    ICMP Echo (ping) request  id=0x56d2, seq=3/768, ttl=63 90:e2:ba:7e:5c:25 -> 90:e2:ba:29:f6:40
  4 2018-03-08 18:25:56.371554    10.10.1.1 -> 10.10.2.1    ICMP Echo (ping) request  id=0x56d2, seq=4/1024, ttl=63 90:e2:ba:7e:5c:25 -> 90:e2:ba:29:f6:40
  5 2018-03-08 18:25:56.371562    10.10.1.1 -> 10.10.2.1    ICMP Echo (ping) request  id=0x56d2, seq=5/1280, ttl=63 90:e2:ba:7e:5c:25 -> 90:e2:ba:29:f6:40
  6 2018-03-08 18:25:56.371586    10.10.1.1 -> 10.10.2.1    ICMP Echo (ping) request  id=0x56d2, seq=6/1536, ttl=63 90:e2:ba:7e:5c:25 -> 90:e2:ba:29:f6:40
  7 2018-03-08 18:25:56.371603    10.10.1.1 -> 10.10.2.1    ICMP Echo (ping) request  id=0x56d2, seq=7/1792, ttl=63 90:e2:ba:7e:5c:25 -> 90:e2:ba:29:f6:40
  8 2018-03-08 18:25:56.371618    10.10.1.1 -> 10.10.2.1    ICMP Echo (ping) request  id=0x56d2, seq=13/3328, ttl=63 90:e2:ba:7e:5c:25 -> 90:e2:ba:29:f6:40
  9 2018-03-08 18:25:56.371633    10.10.1.1 -> 10.10.2.1    ICMP Echo (ping) request  id=0x56d2, seq=32/8192, ttl=63 90:e2:ba:7e:5c:25 -> 90:e2:ba:29:f6:40
 10 2018-03-08 18:25:56.371646    10.10.1.1 -> 10.10.2.1    ICMP Echo (ping) request  id=0x56d2, seq=35/8960, ttl=63 90:e2:ba:7e:5c:25 -> 90:e2:ba:29:f6:40
 11 2018-03-08 18:25:56.371660    10.10.1.1 -> 10.10.2.1    ICMP Echo (ping) request  id=0x56d2, seq=39/9984, ttl=63 90:e2:ba:7e:5c:25 -> 90:e2:ba:29:f6:40
 12 2018-03-08 18:25:56.371675    10.10.1.1 -> 10.10.2.1    ICMP Echo (ping) request  id=0x56d2, seq=43/11008, ttl=63 90:e2:ba:7e:5c:25 -> 90:e2:ba:29:f6:40
 13 2018-03-08 18:25:56.371683    10.10.1.1 -> 10.10.2.1    ICMP Echo (ping) request  id=0x56d2, seq=46/11776, ttl=63 90:e2:ba:7e:5c:25 -> 90:e2:ba:29:f6:40
 14 2018-03-08 18:25:56.371716    10.10.1.1 -> 10.10.2.1    ICMP Echo (ping) request  id=0x56d2, seq=49/12544, ttl=63 90:e2:ba:7e:5c:25 -> 90:e2:ba:29:f6:40
 15 2018-03-08 18:25:56.371724    10.10.1.1 -> 10.10.2.1    ICMP Echo (ping) request  id=0x56d2, seq=52/13312, ttl=63 90:e2:ba:7e:5c:25 -> 90:e2:ba:29:f6:40
 16 2018-03-08 18:25:56.371735    10.10.1.1 -> 10.10.2.1    ICMP Echo (ping) request  id=0x56d2, seq=56/14336, ttl=63 90:e2:ba:7e:5c:25 -> 90:e2:ba:29:f6:40
 17 2018-03-08 18:25:56.371748    10.10.1.1 -> 10.10.2.1    ICMP Echo (ping) request  id=0x56d2, seq=59/15104, ttl=63 90:e2:ba:7e:5c:25 -> 90:e2:ba:29:f6:40
 18 2018-03-08 18:25:56.371776    10.10.1.1 -> 10.10.2.1    ICMP Echo (ping) request  id=0x56d2, seq=62/15872, ttl=63 90:e2:ba:7e:5c:25 -> 90:e2:ba:29:f6:40
 19 2018-03-08 18:25:56.371785    10.10.1.1 -> 10.10.2.1    ICMP Echo (ping) request  id=0x56d2, seq=65/16640, ttl=63 90:e2:ba:7e:5c:25 -> 90:e2:ba:29:f6:40
 20 2018-03-08 18:25:56.371796    10.10.1.1 -> 10.10.2.1    ICMP Echo (ping) request  id=0x56d2, seq=68/17408, ttl=63 90:e2:ba:7e:5c:25 -> 90:e2:ba:29:f6:40
 21 2018-03-08 18:25:56.371823    10.10.1.1 -> 10.10.2.1    ICMP Echo (ping) request  id=0x56d2, seq=71/18176, ttl=63 90:e2:ba:7e:5c:25 -> 90:e2:ba:29:f6:40
 22 2018-03-08 18:25:56.371831    10.10.1.1 -> 10.10.2.1    ICMP Echo (ping) request  id=0x56d2, seq=75/19200, ttl=63 90:e2:ba:7e:5c:25 -> 90:e2:ba:29:f6:40
 23 2018-03-08 18:25:56.371855    10.10.1.1 -> 10.10.2.1    ICMP Echo (ping) request  id=0x56d2, seq=78/19968, ttl=63 90:e2:ba:7e:5c:25 -> 90:e2:ba:29:f6:40
 24 2018-03-08 18:25:56.371863    10.10.1.1 -> 10.10.2.1    ICMP Echo (ping) request  id=0x56d2, seq=81/20736, ttl=63 90:e2:ba:7e:5c:25 -> 90:e2:ba:29:f6:40
 25 2018-03-08 18:25:56.371873    10.10.1.1 -> 10.10.2.1    ICMP Echo (ping) request  id=0x56d2, seq=84/21504, ttl=63 90:e2:ba:7e:5c:25 -> 90:e2:ba:29:f6:40
 26 2018-03-08 18:25:56.371899    10.10.1.1 -> 10.10.2.1    ICMP Echo (ping) request  id=0x56d2, seq=87/22272, ttl=63 90:e2:ba:7e:5c:25 -> 90:e2:ba:29:f6:40
 27 2018-03-08 18:25:56.371908    10.10.1.1 -> 10.10.2.1    ICMP Echo (ping) request  id=0x56d2, seq=90/23040, ttl=63 90:e2:ba:7e:5c:25 -> 90:e2:ba:29:f6:40
 28 2018-03-08 18:25:56.371933    10.10.1.1 -> 10.10.2.1    ICMP Echo (ping) request  id=0x56d2, seq=93/23808, ttl=63 90:e2:ba:7e:5c:25 -> 90:e2:ba:29:f6:40
 29 2018-03-08 18:25:56.371942    10.10.1.1 -> 10.10.2.1    ICMP Echo (ping) request  id=0x56d2, seq=96/24576, ttl=63 90:e2:ba:7e:5c:25 -> 90:e2:ba:29:f6:40
 30 2018-03-08 18:25:56.371952    10.10.1.1 -> 10.10.2.1    ICMP Echo (ping) request  id=0x56d2, seq=98/25088, ttl=63 90:e2:ba:7e:5c:25 -> 90:e2:ba:29:f6:40
